1762113204349 0.00016422 0
1762113422738 0.000328935516 1
1762113637701 0.000486865176 2
1762113850560 0.00063800898 3
1762114072155 0.0006574512 4
1762114278650 0.000643314 5
1762114504841 0.0006291768 6
1762114739055 0.0006150395999999999 7
1762114963500 0.0006009024 8
1762115183738 0.0005867652000000001 9
1762115396703 0.000572628 10
1762115632566 0.0005584908 11
1762115851789 0.0005443536 12
1762116025662 0.0005302164 13
1762116203556 0.0005160792 14
1762116379807 0.000501942 15
1762116555859 0.00048780479999999994 16
1762116731816 0.0004736675999999999 17
1762116907030 0.00045953040000000007 18
1762117081187 0.0004453932 19
1762117254998 0.000431256 20
1762117436417 0.0004171188 21
1762117612402 0.0004029816 22
1762117789482 0.0003888444000000001 23
1762117969149 0.0003747072 24
1762118149281 0.00036057 25
1762118329968 0.0003464328 26
1762118508109 0.00033229559999999996 27
1762118689037 0.00031815839999999995 28
1762118866449 0.00030402120000000004 29
1762119047601 0.000289884 30
1762119229657 0.0002757468 31
1762119407896 0.0002616096 32
1762119585382 0.00024747239999999997 33
1762119768691 0.00023333519999999997 34
1762119948704 0.00021919800000000004 35
1762120126824 0.00020506080000000002 36
1762120307646 0.00019092360000000003 37
1762120491494 0.00017678639999999999 38
1762120675105 0.0001626492 39
1762120855791 0.00014851199999999998 40
1762121035478 0.00013437480000000004 41
1762121212670 0.00012023760000000004 42
1762121385301 0.0001061004 43
1762121564274 9.19632e-05 44
1762121746050 7.782599999999998e-05 45
1762121928702 6.368879999999998e-05 46
1762122109448 4.9551600000000036e-05 47
1762122289027 3.541440000000003e-05 48
1762122468526 2.1277200000000014e-05 49
