1762113204349 2.02649 0
1762113422738 1.50193 1
1762113637701 1.38364 2
1762113850560 1.38781 3
1762114072155 1.30289 4
1762114278650 1.33075 5
1762114504841 1.27044 6
1762114739055 1.26162 7
1762114963500 1.22906 8
1762115183738 1.2357 9
1762115396703 1.19732 10
1762115632566 1.17605 11
1762115851789 1.19246 12
1762116025662 1.18891 13
1762116203556 1.15547 14
1762116379807 1.11337 15
1762116555859 1.14843 16
1762116731816 1.14758 17
1762116907030 1.12264 18
1762117081187 1.12541 19
1762117254998 1.09686 20
1762117436417 1.09929 21
1762117612402 1.09528 22
1762117789482 1.06422 23
1762117969149 1.05983 24
1762118149281 1.06792 25
1762118329968 1.07145 26
1762118508109 1.0715 27
1762118689037 1.04276 28
1762118866449 1.02349 29
1762119047601 1.04776 30
1762119229657 1.08242 31
1762119407896 1.03249 32
1762119585382 1.03043 33
1762119768691 1.05785 34
1762119948704 1.00167 35
1762120126824 1.02757 36
1762120307646 1.0119 37
1762120491494 1.0071 38
1762120675105 0.99207 39
1762120855791 1.00362 40
1762121035478 1.00583 41
1762121212670 0.99644 42
1762121385301 0.96734 43
1762121564274 0.97411 44
1762121746050 0.96822 45
1762121928702 0.97981 46
1762122109448 0.95934 47
1762122289027 0.9514 48
1762122468526 0.93928 49
