1762113204349 4.3595 0
1762113422738 3.69303 1
1762113637701 3.03294 2
1762113850560 2.54804 3
1762114072155 2.21319 4
1762114278650 2.14327 5
1762114504841 2.00336 6
1762114739055 1.91179 7
1762114963500 1.85307 8
1762115183738 1.76911 9
1762115396703 1.73072 10
1762115632566 1.6419 11
1762115851789 1.611 12
1762116025662 1.57343 13
1762116203556 1.52993 14
1762116379807 1.47981 15
1762116555859 1.47375 16
1762116731816 1.47418 17
1762116907030 1.39754 18
1762117081187 1.41267 19
1762117254998 1.34971 20
1762117436417 1.31033 21
1762117612402 1.30762 22
1762117789482 1.28013 23
1762117969149 1.2626 24
1762118149281 1.24324 25
1762118329968 1.25871 26
1762118508109 1.23586 27
1762118689037 1.20118 28
1762118866449 1.17883 29
1762119047601 1.15995 30
1762119229657 1.14289 31
1762119407896 1.14541 32
1762119585382 1.11402 33
1762119768691 1.13154 34
1762119948704 1.12505 35
1762120126824 1.11276 36
1762120307646 1.05967 37
1762120491494 1.11275 38
1762120675105 1.0619 39
1762120855791 1.12615 40
1762121035478 1.10233 41
1762121212670 1.04324 42
1762121385301 1.01234 43
1762121564274 1.01714 44
1762121746050 0.99306 45
1762121928702 1.00254 46
1762122109448 0.98763 47
1762122289027 0.97338 48
1762122468526 0.94861 49
