1762113204349 1.56679 0
1762113422738 1.20848 1
1762113637701 1.15982 2
1762113850560 1.15546 3
1762114072155 1.11676 4
1762114278650 1.12435 5
1762114504841 1.09716 6
1762114739055 1.09921 7
1762114963500 1.09138 8
1762115183738 1.08518 9
1762115396703 1.07006 10
1762115632566 1.07088 11
1762115851789 1.06347 12
1762116025662 1.07284 13
1762116203556 1.0568 14
1762116379807 1.04185 15
1762116555859 1.04406 16
1762116731816 1.05257 17
1762116907030 1.04325 18
1762117081187 1.03833 19
1762117254998 1.0234 20
1762117436417 1.02911 21
1762117612402 1.02468 22
1762117789482 1.00727 23
1762117969149 1.01402 24
1762118149281 1.02284 25
1762118329968 1.01139 26
1762118508109 1.01685 27
1762118689037 0.99277 28
1762118866449 1.00444 29
1762119047601 1.00808 30
1762119229657 1.01972 31
1762119407896 0.99636 32
1762119585382 1.01133 33
1762119768691 0.994 34
1762119948704 0.99344 35
1762120126824 1.00762 36
1762120307646 0.97851 37
1762120491494 0.99567 38
1762120675105 0.9875 39
1762120855791 1.00204 40
1762121035478 0.9917 41
1762121212670 0.99972 42
1762121385301 0.99368 43
1762121564274 0.98184 44
1762121746050 0.97264 45
1762121928702 0.98048 46
1762122109448 0.97382 47
1762122289027 0.97193 48
1762122468526 0.96003 49
