0 0.5825 0.42008196721311475 0.4825 0.10655737704918032
2 0.58875 0.5163934426229508 0.1725 0.05327868852459016
9 0.36125 0.6270491803278688 0.0225 0.05327868852459016
1 0.6 0.6290983606557377 0.0325 0.05327868852459016
3 0.84 0.7950819672131147 0.17 0.06557377049180328
6 0.505 0.7971311475409836 0.1225 0.05737704918032787
8 0.195 0.9385245901639344 0.33 0.06557377049180328
5 0.39625 0.3360655737704918 0.115 0.05737704918032787
7 0.6125 0.33811475409836067 0.3125 0.06147540983606557
4 0.18460000000000001 0.5688524590163935 0.29815 0.6502049180327869
4 0.18275 0.5713114754098361 0.299675 0.6551229508196721