1 0.46443781942078366 0.6887994634473508 0.023424190800681432 0.04024144869215292
9 0.4403747870528109 0.7427900737759893 0.024701873935264053 0.043594902749832326
2 0.7231686541737649 0.8712273641851107 0.19931856899488926 0.06908115358819585
8 0.4840289608177172 0.2883970489604292 0.2278534923339012 0.06572769953051644
6 0.8562606473594548 0.2944332662642522 0.18739352640545145 0.055667337357478204
3 0.8588160136286201 0.35378940308517776 0.18824531516183987 0.055667337357478204
2 0.5362010221465077 0.35412474849094566 0.20059625212947188 0.05767940979208585
7 0.4354770017035775 0.41851106639839036 0.1567291311754685 0.051643192488262914
5 0.4714650766609881 0.4678068410462777 0.2282793867120954 0.047619047619047616
0 0.444633730834753 0.57981220657277 0.17504258943781942 0.07981220657276995
4 0.19368824531516182 0.5126492287055667 0.27380323679727425 0.5513480885311871