1762113219515 0.05812 0
1762113439583 0.11505 1
1762113653756 0.18364 2
1762113863796 0.22928 3
1762114088837 0.34418 4
1762114294685 0.37659 5
1762114519088 0.42808 6
1762114755160 0.4568 7
1762114979987 0.48098 8
1762115198788 0.5154 9
1762115414859 0.5497 10
1762115653407 0.58484 11
1762115864478 0.57248 12
1762116038501 0.58938 13
1762116215943 0.62353 14
1762116391921 0.64616 15
1762116567935 0.65106 16
1762116745567 0.65823 17
1762116919611 0.68027 18
1762117094171 0.67593 19
1762117268320 0.69794 20
1762117448443 0.71066 21
1762117624542 0.70976 22
1762117801773 0.7326 23
1762117981287 0.73595 24
1762118162294 0.74656 25
1762118342330 0.72806 26
1762118520730 0.73743 27
1762118701034 0.75415 28
1762118878361 0.76023 29
1762119059504 0.7605 30
1762119241652 0.75622 31
1762119419726 0.77821 32
1762119597376 0.78306 33
1762119780799 0.77838 34
1762119960635 0.77575 35
1762120138775 0.80455 36
1762120319609 0.80446 37
1762120503524 0.79271 38
1762120687080 0.79722 39
1762120867764 0.77945 40
1762121047577 0.79025 41
1762121224708 0.79453 42
1762121397157 0.79312 43
1762121577234 0.80295 44
1762121758114 0.8062 45
1762121941743 0.81699 46
1762122121588 0.8267 47
1762122301271 0.82756 48
1762122480601 0.83063 49
1762122496438 0.8308238417188963 49
