1762113219515 0.04676 0
1762113439583 0.08 1
1762113653756 0.12306 2
1762113863796 0.13295 3
1762114088837 0.21371 4
1762114294685 0.22591 5
1762114519088 0.26859 6
1762114755160 0.29086 7
1762114979987 0.30252 8
1762115198788 0.31117 9
1762115414859 0.35384 10
1762115653407 0.37727 11
1762115864478 0.36156 12
1762116038501 0.37721 13
1762116215943 0.40544 14
1762116391921 0.42745 15
1762116567935 0.4153 16
1762116745567 0.4275 17
1762116919611 0.4318 18
1762117094171 0.43195 19
1762117268320 0.4462 20
1762117448443 0.45921 21
1762117624542 0.45629 22
1762117801773 0.46974 23
1762117981287 0.46667 24
1762118162294 0.48382 25
1762118342330 0.44762 26
1762118520730 0.47723 27
1762118701034 0.48963 28
1762118878361 0.48495 29
1762119059504 0.4946 30
1762119241652 0.47827 31
1762119419726 0.50469 32
1762119597376 0.50343 33
1762119780799 0.48726 34
1762119960635 0.51055 35
1762120138775 0.53289 36
1762120319609 0.53352 37
1762120503524 0.52967 38
1762120687080 0.52815 39
1762120867764 0.50036 40
1762121047577 0.5238 41
1762121224708 0.52596 42
1762121397157 0.51939 43
1762121577234 0.52967 44
1762121758114 0.53861 45
1762121941743 0.54534 46
1762122121588 0.54947 47
1762122301271 0.5484 48
1762122480601 0.54989 49
1762122496438 0.549597933106562 49
