1762113219515 0.00569 0
1762113439583 0.01417 1
1762113653756 0.5878 2
1762113863796 0.39987 3
1762114088837 0.39825 4
1762114294685 0.33764 5
1762114519088 0.37293 6
1762114755160 0.42187 7
1762114979987 0.43052 8
1762115198788 0.4538 9
1762115414859 0.47028 10
1762115653407 0.51072 11
1762115864478 0.50696 12
1762116038501 0.52008 13
1762116215943 0.54663 14
1762116391921 0.57258 15
1762116567935 0.55278 16
1762116745567 0.57401 17
1762116919611 0.61048 18
1762117094171 0.59992 19
1762117268320 0.63296 20
1762117448443 0.62338 21
1762117624542 0.61124 22
1762117801773 0.65671 23
1762117981287 0.6635 24
1762118162294 0.66638 25
1762118342330 0.67841 26
1762118520730 0.6789 27
1762118701034 0.6674 28
1762118878361 0.71613 29
1762119059504 0.67655 30
1762119241652 0.68705 31
1762119419726 0.74613 32
1762119597376 0.71313 33
1762119780799 0.72657 34
1762119960635 0.66868 35
1762120138775 0.74349 36
1762120319609 0.72337 37
1762120503524 0.71756 38
1762120687080 0.72325 39
1762120867764 0.71595 40
1762121047577 0.71973 41
1762121224708 0.72547 42
1762121397157 0.73721 43
1762121577234 0.75304 44
1762121758114 0.76526 45
1762121941743 0.7521 46
1762122121588 0.7547 47
1762122301271 0.75252 48
1762122480601 0.76051 49
1762122496438 0.7599730933072812 49
