1762113219515 0.16056 0
1762113439583 0.50799 1
1762113653756 0.1642 2
1762113863796 0.19056 3
1762114088837 0.46701 4
1762114294685 0.57884 5
1762114519088 0.63876 6
1762114755160 0.65268 7
1762114979987 0.70883 8
1762115198788 0.67959 9
1762115414859 0.70639 10
1762115653407 0.66476 11
1762115864478 0.69261 12
1762116038501 0.72678 13
1762116215943 0.68246 14
1762116391921 0.74518 15
1762116567935 0.75218 16
1762116745567 0.72774 17
1762116919611 0.74152 18
1762117094171 0.73589 19
1762117268320 0.73326 20
1762117448443 0.71607 21
1762117624542 0.73659 22
1762117801773 0.75867 23
1762117981287 0.75053 24
1762118162294 0.72947 25
1762118342330 0.71634 26
1762118520730 0.78939 27
1762118701034 0.77569 28
1762118878361 0.78284 29
1762119059504 0.78359 30
1762119241652 0.77488 31
1762119419726 0.77594 32
1762119597376 0.78082 33
1762119780799 0.76509 34
1762119960635 0.76018 35
1762120138775 0.79635 36
1762120319609 0.81186 37
1762120503524 0.78718 38
1762120687080 0.76798 39
1762120867764 0.75187 40
1762121047577 0.78573 41
1762121224708 0.80643 42
1762121397157 0.80819 43
1762121577234 0.79239 44
1762121758114 0.7887 45
1762121941743 0.82795 46
1762122121588 0.84137 47
1762122301271 0.83616 48
1762122480601 0.8218 49
1762122496438 0.819849740535165 49
